00000000100
00000001010
00000010010
00000011010
00000100010
00000101010
00000110010
00000111010
00001000010
00001001010
00001010010
00001011010
00001100010
00001101010
00001110010
00001111010
00010000001
00010001100
00010010010
00010011010
00010100010
00010101010
00010110010
00010111010
00011000010
00011001010
00011010010
00011011010
00011100010
00011101010
00011110010
00011111010
00100000001
00100001001
00100010100
00100011010
00100100010
00100101010
00100110010
00100111010
00101000010
00101001010
00101010010
00101011010
00101100010
00101101010
00101110010
00101111010
00110000001
00110001001
00110010001
00110011100
00110100010
00110101010
00110110010
00110111010
00111000010
00111001010
00111010010
00111011010
00111100010
00111101010
00111110010
00111111010
01000000001
01000001001
01000010001
01000011001
01000100100
01000101010
01000110010
01000111010
01001000010
01001001010
01001010010
01001011010
01001100010
01001101010
01001110010
01001111010
01010000001
01010001001
01010010001
01010011001
01010100001
01010101100
01010110010
01010111010
01011000010
01011001010
01011010010
01011011010
01011100010
01011101010
01011110010
01011111010
01100000001
01100001001
01100010001
01100011001
01100100001
01100101001
01100110100
01100111010
01101000010
01101001010
01101010010
01101011010
01101100010
01101101010
01101110010
01101111010
01110000001
01110001001
01110010001
01110011001
01110100001
01110101001
01110110001
01110111100
01111000010
01111001010
01111010010
01111011010
01111100010
01111101010
01111110010
01111111010
10000000001
10000001001
10000010001
10000011001
10000100001
10000101001
10000110001
10000111001
10001000100
10001001010
10001010010
10001011010
10001100010
10001101010
10001110010
10001111010
10010000001
10010001001
10010010001
10010011001
10010100001
10010101001
10010110001
10010111001
10011000001
10011001100
10011010010
10011011010
10011100010
10011101010
10011110010
10011111010
10100000001
10100001001
10100010001
10100011001
10100100001
10100101001
10100110001
10100111001
10101000001
10101001001
10101010100
10101011010
10101100010
10101101010
10101110010
10101111010
10110000001
10110001001
10110010001
10110011001
10110100001
10110101001
10110110001
10110111001
10111000001
10111001001
10111010001
10111011100
10111100010
10111101010
10111110010
10111111010
11000000001
11000001001
11000010001
11000011001
11000100001
11000101001
11000110001
11000111001
11001000001
11001001001
11001010001
11001011001
11001100100
11001101010
11001110010
11001111010
11010000001
11010001001
11010010001
11010011001
11010100001
11010101001
11010110001
11010111001
11011000001
11011001001
11011010001
11011011001
11011100001
11011101100
11011110010
11011111010
11100000001
11100001001
11100010001
11100011001
11100100001
11100101001
11100110001
11100111001
11101000001
11101001001
11101010001
11101011001
11101100001
11101101001
11101110100
11101111010
11110000001
11110001001
11110010001
11110011001
11110100001
11110101001
11110110001
11110111001
11111000001
11111001001
11111010001
11111011001
11111100001
11111101001
11111110001
11111111100
